2244
1815
201
18322
1965
12334
17452
7888
17784
17806
8611
366
5371
10992
4329
7544
9118
6967
19828
17253
9576
17285
3540
14998
16655
19689
17395
3075
57
13473
6872
7916
19009
10794
9958
974
6848
7409
8862
8352
8935
1193
8718
14306
12185
13047
1849
5023
3734
5397
2275
17031
2681
5815
12029
3056
9224
13144
6132
13003
10337
16725
918
9346
11239
14597
10320
18087
2005
2902
6438
14661
4095
18877
8966
0
11924
14536
8745
19379
19934
14741
16410
6335
556
8438
9392
13501
5302
19245
10224
15640
19690
14863
4985
10928
9459
19026
9014
15185
5648
19173
9845
9743
18049
2531
13464
13693
17068
2208
13072
721
16950
9481
7056
1226
1639
168
18448
6941
19413
8672
2580
19102
7255
11286
10029
435
10311
2763
15620
15959
1935
9186
9422
3705
11717
6607
17398
8784
8815
10469
9505
9485
19950
282
10711
1588
450
12880
12251
3584
5272
14831
6406
12527
6117
156
12962
148
2919
12303
19829
8576
1488
12971
12281
13205
19578
9678
5710
8393
147
18936
1598
3817
19218
12310
9127
3389
5189
1377
6973
14182
19929
13379
6708
9766
17256
3391
9915
175
15694
12472
17182
6434
4752
10386
9733
18151
16096
1846
2018
18753
3444
5836
17970
19475
14963
5079
8384
60
12052
2565
19989
9152
9274
9755
6407
12665
3390
10303
8358
574
2774
5539
10729
11247
19646
461
13119
19463
2307
15137
18215
5752
972
19905
5226
19656
4984
13611
3436
756
16176
3425
13629
9170
16901
3757
5555
4011
14060
13913
4585
555
3172
15314
15523
6539
15776
8641
9722
18083
7499
7936
7555
12192
11561
16503
11848
16545
13834
19005
1022
10009
6150
14651
2900
3050
18408
8455
10782
16189
6089
15367
464
9261
10681
19708
19521
10177
12070
9242
11980
19569
898
19536
11760
12460
19759
7328
12725
13592
6333
13747
3600
12483
12119
10221
19255
14247
18677
10036
10435
4765
9124
14620
17747
19805
17268
9981
10118
10230
1960
9686
11129
5216
1445
7309
4974
8774
33
18566
18828
17502
5887
15031
9620
16108
14285
3866
14784
8042
18023
3269
17166
16363
1016
690
14411
2004
10671
4528
12234
16352
14214
7083
5289
19381
14392
10263
8154
18147
12550
10702
15648
2157
5732
8988
18265
17
12854
16770
11780
38
8945
10960
4775
9635
5370
6779
4026
13620
2734
4098
7833
9817
9387
10934
7930
3371
2808
6076
19642
13510
5444
1798
19243
14432
3783
2980
11006
552
14760
5603
591
7425
283
5366
780
9374
15867
8527
2993
18601
12625
14548
12138
5733
5481
67
12825
8290
9864
16187
1799
19029
17985
4762
13460
1767
7742
8187
2320
6222
17511
6632
13647
17794
15719
18148
10888
11585
6674
13882
13906
19300
12150
6044
8753
1351
6111
5298
13362
19697
1484
18883
18725
19469
3644
15906
4956
15108
4092
10997
1329
5323
1349
18698
6837
17069
16845
17725
12374
3519
15327
6280
11197
12324
15292
12549
2155
589
5910
5572
2073
4792
4297
5262
12158
3923
10218
7265
11736
4936
8594
17059
6285
7291
3895
3353
4136
5340
19449
7655
667
5728
17915
11864
1772
13206
8133
3927
17516
14044
9500
3309
2556
17518
8571
14714
1440
2509
1978
13176
7445
10573
13955
1584
17850
4525
9441
3189
3973
816
7577
9701
18731
3162
11473
11936
11295
19122
13172
5338
12342
16481
11616
9859
5051
6329
15020
11282
8308
11916
2447
2601
5870
19899
7906
7440
8145
17348
14350
12118
18164
1927
5540
16895
5089
17013
12551
104
19855
5723
9164
12196
5924
779
5775
14697
7108
4515
5978
19137
16431
12146
5458
2300
15766
13365
9740
3910
14433
4090
16028
16317
9738
1567
16932
18548
2301
9483
18652
5876
18927
11536
18073
4850
12315
7568
19547
3144
12084
9245
6001
12235
1391
11460
877
8545
7996
4787
2977
15807
4535
19294
9265
6103
19947
7812
12125
13150
10185
18001
12076
1720
19794
646
17757
7362
3914
900
3166
16880
6901
15401
1991
2081
13657
2868
10626
5374
17324
1180
12191
338
10446
2014
284
14139
13434
12163
12139
9230
17605
15654
13597
15361
3015
16261
9902
18112
6882
102
8964
2680
2971
19590
8054
16914
9234
6537
17252
3400
8551
1256
5379
6410
14690
1262
2270
3919
18867
17924
1236
14227
4659
2468
10487
14561
579
1090
3583
681
10054
9984
3652
9643
18038
18000
10277
10993
4536
11249
14393
16809
12505
3492
6939
7194
4755
9209
14834
3621
10853
16071
17849
15512
18539
12056
13793
2838
13146
17377
3199
11081
10893
16564
9119
8892
10561
111
17149
1810
18225
17678
18036
1717
4617
5230
10193
13826
3784
13814
8400
3575
15383
3911
5834
7439
17705
4305
18802
11226
9882
3084
11510
2721
15697
2070
6553
12845
7601
4778
10523
5637
10216
15140
14588
408
12686
18372
17943
1085
5668
13326
11502
764
10143
174
5069
16087
15
6267
19171
11525
12710
18588
13596
19263
11432
1196
7761
5675
10554
1697
814
5141
2105
17222
7234
3769
2027
12902
17095
14466
4403
1579
8329
8298
10369
993
4384
10385
10982
7275
1909
3691
5862
19226
2953
17295
4143
10715
6690
12412
7505
3559
18239
8447
10793
2007
14195
7415
2822
8661
11818
4401
16990
3837
18491
1704
8221
8875
15497
14506
16377
13731
6094
17874
13765
12785
16292
9898
4010
19851
11857
16178
14364
17585
10372
1778
406
2753
17317
8528
3464
4874
7018
5168
13096
19615
1574
12313
14120
1671
1112
11571
4721
7207
13166
2207
19992
9457
15826
7722
13028
7682
3899
11112
5266
14271
16611
9393
745
17648
17921
4209
2522
8659
13098
19339
8273
18393
11651
6113
63
16484
17685
4784
3690
10850
10712
7402
4027
15124
775
17940
19023
11887
3205
17015
12218
12598
17760
9865
14239
5689
2898
18787
15446
11171
17179
10817
962
7301
18690
9467
10991
9539
179
18394
17287
10437
17238
1782
8377
17390
15303
16996
9607
11622
14755
3192
9581
4164
19301
12479
2950
14746
7371
3849
5563
8376
8532
16585
7065
17999
7575
324
1898
9689
17611
12336
10648
19393
4433
6908
16782
3456
7624
10109
18799
2378
13301
8380
6542
12601
858
13213
11068
8229
782
351
325
9314
16936
7390
11033
8231
7714
12932
9045
12289
13421
19197
8939
597
10541
19048
19397
12919
16070
7776
3181
8670
12355
114
3458
3809
4630
17652
744
12021
8684
12697
3455
1615
14338
12501
10603
6626
4658
7744
9543
17319
12063
83
86
11459
16723
16156
2955
19904
8547
15310
3738
12005
4245
9727
4000
19987
18411
16697
3441
3747
11034
19663
18071
17660
4321
9536
10923
5360
5446
16778
7728
19733
11352
13870
15042
15090
9595
14657
10886
12851
2622
612
16852
2744
17269
13491
6491
12024
13154
8282
13404
1195
17818
4327
6555
19416
15333
12001
16193
3061
18134
14914
14688
16945
8230
13065
7830
1080
19408
8443
1652
5736
11187
2642
19227
1398
14666
16101
9680
8069
17296
7498
16117
3850
10634
11450
19573
10548
18232
616
16365
19252
8601
13309
7481
1665
1139
12282
1072
13303
17656
10529
4489
297
13477
18684
13298
15567
6752
10594
6785
2869
18165
17420
18040
17737
7967
2074
1880
76
1325
10482
13386
8806
12147
18246
4808
16941
11548
2463
11190
19758
6481
8387
9365
5164
1685
4931
15638
12279
2227
14164
12857
3987
11901
4544
3978
17696
6424
4054
19021
16906
1160
11547
12774
19406
16355
13435
14674
2539
8345
18152
12741
16733
7516
17906
2138
12448
17264
14417
7885
19491
12301
4462
3477
4201
9006
11176
5617
19151
15230
4637
19778
16391
16184
16272
19517
16260
9706
17912
1771
16063
11539
18504
3579
13165
641
19748
10428
18779
11353
13639
11080
15815
836
19002
8541
12012
4619
11412
7242
12977
11189
7353
9161
7460
10590
5420
886
8501
7939
2658
8285
3198
4882
84
15332
14233
11744
6684
7872
2823
6219
8708
5546
18481
720
13886
9892
11683
6862
1081
19036
19744
12262
13346
8884
16870
5568
16823
19528
13853
3742
8130
5716
3826
17375
1047
18059
12840
11452
9651
19384
17671
18360
4929
16151
2800
2535
6042
14483
10844
17239
12862
3106
10584
1746
19976
16152
2289
3223
13725
9752
15074
19441
17299
16170
4208
15358
9009
15660
8729
8392
17051
7088
17043
13201
9888
2964
8091
12696
13808
5329
9279
634
19635
4330
15786
17035
7553
13232
10508
6348
12672
7806
2517
601
6884
11526
15614
19918
17033
6422
680
10233
16311
258
16918
16675
10726
13452
5953
15081
13086
698
19412
12592
1454
10685
5823
11962
2216
3488
19550
2817
10373
14796
2798
5986
18435
19831
12408
19115
13785
12439
19373
561
19769
5148
14013
9442
3950
10819
13862
3361
3410
15316
14046
12955
10998
14800
15171
14486
14349
17988
8579
9145
4506
14565
7579
8058
10694
6693
1842
6853
9787
16265
7414
13276
5134
5147
2717
9084
19687
16579
12445
3097
15615
10211
16052
10333
5010
14943
8540
3080
16651
17119
15946
1156
15405
7245
9214
9819
17659
14777
16672
11166
11042
7807
4441
19897
10880
8980
16362
7458
5145
3179
6794
19077
19231
17127
7808
17894
14544
6506
15700
1910
17799
8635
11729
19178
3411
12121
10344
18174
3648
18506
18070
323
9385
7049
16685
16844
15915
19864
7358
14992
2814
8205
6520
707
17593
1128
15251
11682
14671
9729
3305
5178
12378
6717
6442
947
4948
6681
4991
14333
17451
1675
14897
13366
5259
2254
12078
8073
10460
18598
8052
19726
11472
15871
15128
6142
5599
8328
13169
10777
4426
3606
11796
14590
12217
16464
3258
18898
17591
69
6850
16209
12109
2183
9233
3902
16364
16403
8136
11276
11595
4006
6403
1458
18452
14627
7823
6598
18233
19620
4908
14170
19804
8166
13068
1258
5757
16858
8108
5686
10292
3938
7869
3245
7840
4233
7964
16090
6071
19559
96
16195
13422
18367
15643
4966
8685
17596
13594
11766
4388
1759
8554
9367
11237
5411
16923
19424
8513
2668
12974
12746
1184
937
8835
4217
12652
7170
8954
9795
5536
8318
14761
17942
5913
3066
11535
1399
11175
13295
13674
542
8252
2805
5459
5175
5949
10593
13688
12338
3566
10154
13522
8225
2709
776
16163
19083
11667
5116
8877
923
18866
19348
10424
10400
4467
5319
18142
9582
15668
4667
15041
4563
10617
5633
18251
2954
12921
16477
1145
973
17308
13916
12641
2423
6513
19579
13871
16150
18926
8015
10271
7113
13335
17686
8975
2916
17074
13643
1678
1636
4259
7311
19887
231
15732
11131
5097
14287
12105
6125
8202
8466
12270
18437
5750
12307
1900
14494
4043
12171
5327
17378
13577
14303
4014
10651
11666
9413
12287
15895
10579
676
11626
1710
9495
5912
17536
19341
17836
11610
19993
15472
7178
16020
17372
5392
62
13263
10720
8743
8896
1211
18309
13498
53
18754
13113
14353
3151
8460
16367
18093
13598
15707
15928
3319
11038
15920
18792
1936
11940
19884
7329
15723
16868
1769
16884
7428
10512
5779
8639
10920
5857
14694
6562
18971
9046
11151
5109
9800
9243
2427
9227
5171
9468
264
4811
8259
2201
471
11863
13251
19916
8730
16799
16158
5531
6298
4796
171
17827
14375
14865
8109
17066
1542
8216
12740
15063
17459
18889
4290
6350
8356
4554
14883
335
10476
19075
12198
3726
18990
928
2466
15788
17086
7997
5806
11889
3633
19978
6753
11742
14385
17006
8979
7124
12068
6437
6012
16358
16509
14368
4633
11391
18424
18830
10465
10622
6277
9455
11550
8963
12356
17959
12350
5844
1656
2824
17586
2419
17209
18312
11398
8053
14101
1556
17787
10458
18065
12154
18812
14299
1362
3640
4920
7639
16816
16470
16382
12546
16843
7990
14226
12914
15882
15738
2022
16667
17141
4719
7552
18697
2505
1730
16761
18381
4263
9936
12679
5625
17599
13264
14113
17789
19892
14055
10209
7881
8280
6843
5435
7883
6301
575
9905
2967
14027
7045
11407
5299
5742
7029
6223
16014
15013
19881
12413
637
17178
13732
13901
11290
11520
7267
14903
9295
6504
17576
18061
12515
15363
1027
6541
6128
16155
15561
15591
10067
6310
5535
9801
1323
5415
2213
6313
15945
19583
17603
11185
10570
16226
480
15487
2730
1776
7246
14670
5306
7184
6317
17446
9929
16727
11757
3717
3036
17292
13518
4359
6427
19453
6320
15397
9623
14063
192
10289
14504
19400
13019
16280
6645
11409
3513
15672
2313
13551
9446
3479
5995
19375
205
1472
3091
3241
18764
330
11322
8911
19783
1650
18900
10985
19435
9202
14898
9723
7426
14297
6462
4662
1591
10939
333
3904
13500
11104
14206
16595
15030
15678
3407
18271
18163
3737
13313
7073
14675
2418
5659
11879
15342
5322
2767
18574
15505
10194
3235
1132
7289
8441
5622
4509
19545
3548
1104
14574
4511
16565
1108
8248
9878
8182
15488
4347
1626
13933
688
18210
8989
7177
16784
8214
17371
3739
9030
18503
11029
17471
7845
15538
735
11393
362
19030
14340
15594
15448
562
9192
7350
16050
17466
15418
1397
15119
15364
2085
17049
9262
17553
16287
1292
9037
8856
16042
6507
16701
15300
10963
11815
15663
9992
6154
4256
9307
1601
4819
2219
12673
4589
19685
8090
18524
7175
11793
15573
15248
13125
15256
11408
18138
4292
3984
14179
14521
4405
13200
5483
16220
12583
15476
559
8503
11417
5378
10722
4089
13689
10407
12179
3395
12651
3074
18909
11944
18323
3684
8790
18813
6927
1590
2796
4827
16111
7201
1747
5315
7142
14330
13236
14889
13014
4652
3988
3735
8741
17677
17863
4641
10514
11436
3701
2457
13479
7385
14968
6197
5616
12368
12714
10443
12199
3635
12190
17514
10240
2024
4013
5128
15038
12386
9116
18774
4848
10513
16636
13210
15306
10870
4645
19007
18125
10112
12016
8901
29
17632
4989
12743
11795
17189
16378
7705
18423
10876
17945
4168
18610
3073
2926
10995
15910
1699
15843
6423
2056
2355
1728
16647
17419
4455
17416
15543
18288
9432
8164
18317
10784
16875
11059
6300
17784
11157
14005
16206
2032
15671
373
641
2464
7021
15358
18374
8720
14921
8517
14497
7694
13966
14865
5112
18421
12280
4375
428
5432
16260
18745
19938
13134
13524
6237
10917
8402
3962
10844
10434
3353
14938
14797
5817
1958
10154
7912
14400
8795
16429
8896
16489
14116
7481
5321
16257
3482
9696
16686
8914
5956
15430
12572
2810
12675
2529
13728
1076
6492
4571
15231
13566
19509
10027
3104
1467
3901
11016
15867
12697
11165
8483
12906
5280
19686
18228
5258
3167
11644
1943
15802
17600
1093
8374
4131
13768
10903
1579
14844
1115
9871
13796
14682
9379
3822
1506
14567
11445
12522
14154
7862
7407
6358
767
16409
9764
18995
1666
12931
10639
7330
12453
11959
8423
4547
19811
5912
15451
1389
4476
286
11260
18272
18689
4360
2094
194
2647
17260
16437
522
5121
3844
6880
9609
3973
364
12325
9360
13295
6684
16690
9468
2363
8833
14016
2174
14745
13187
3563
19222
13473
18545
17493
15883
6625
3307
16077
9272
4287
16235
9794
13129
3799
394
2738
7772
758
15063
17132
17774
5467
17542
7242
7830
6374
1257
10004
4840
14444
17289
7782
11637
19554
8995
7519
6178
16024
7317
15450
310
3551
8965
13440
7350
9359
19899
18843
13839
18682
19695
11612
4148
17236
2574
11978
7552
5703
15891
1995
2991
3672
17354
6265
12668
8593
12443
8691
19631
11613
9001
3181
577
6161
14252
13658
6059
13094
7496
4740
12788
2828
12609
13744
5403
4587
4795
12955
14011
685
18672
722
4358
16025
6987
17026
8338
19430
9437
7969
11042
18438
14871
15341
8320
9123
8998
18100
5937
16494
6561
2446
19322
19170
19911
8445
7477
4705
1400
1487
9112
71
2209
17191
19817
9196
17937
11875
12346
7373
19844
7109
9531
14715
2449
17851
7558
11447
15951
13495
11661
2511
19662
14703
5401
19573
3148
12879
4277
8269
14366
17110
12061
16576
14300
15598
9492
12236
7472
1838
19609
11037
9140
9472
15117
10711
17030
10284
10382
14245
5665
16614
13907
4088
2015
13479
7236
14894
1476
19226
12980
2307
11286
9555
16607
6883
2768
8843
18077
8327
12172
9113
994
5032
18585
16111
19465
19335
10115
9846
17300
15780
6460
11206
3588
12196
8405
14546
7089
13603
13771
68
15910
8778
13345
16237
19382
19834
8800
17458
8160
4693
10291
9154
9725
8875
8985
9189
11930
2820
2756
9230
2320
12937
4156
5908
5132
16283
453
15942
9885
14225
16010
9515
3002
13075
6104
12908
18273
3562
4788
2965
13853
13942
16411
6449
6647
9321
18379
9467
12077
11329
15508
5013
15486
1416
13866
11768
1869
9807
5373
19815
9537
18609
2816
6333
8080
8921
2961
6352
16204
7750
13038
13777
5412
9449
225
15781
18770
2325
5247
13654
755
3300
12860
5892
17166
8348
7761
6972
17442
7576
229
19771
14113
6562
7851
6754
9524
17924
6678
10962
455
6406
680
2186
2900
6726
11155
17467
4101
15631
4487
681
1522
1652
9030
13004
12345
10192
579
16295
9963
18414
2857
17814
8888
16102
19458
15567
17096
14140
16022
7222
18271
422
9409
1170
10870
4284
2357
14971
19915
6844
15652
5157
12217
18161
8282
18595
2461
4577
8557
874
7434
10091
9762
7256
9548
5328
4351
3688
5070
11573
5679
9214
4702
10571
83
8986
12928
15054
8900
3493
10705
17778
19431
19108
15939
7713
1422
18400
12290
9979
19274
3444
3790
12756
10700
13338
1805
18772
746
6875
14065
6426
16089
18768
16997
19893
11474
13645
14946
4095
858
9372
1872
4010
12200
17811
15444
13622
16210
11454
3600
19204
14898
11111
15681
9318
4448
17486
11810
8916
8081
5874
19063
7891
8362
19780
7783
3557
17145
6450
7652
1724
15822
13245
5734
8021
11056
1177
5363
10986
12631
12684
13911
11249
3794
13312
11963
10797
16097
878
2598
5691
3661
14210
17775
3440
5714
1331
4306
15885
12704
6030
11706
5948
11764
3447
724
16662
12531
11711
13013
5214
9342
4261
9008
2653
8548
970
17171
8365
5570
3489
17777
9231
17700
15551
16393
7134
602
698
3018
13306
6728
18445
2975
2212
5612
3699
2594
18143
19131
15607
7077
8472
19868
16085
11125
12136
775
12016
4221
6345
15506
1997
19298
16926
17549
15690
4059
1871
108
10798
18899
10557
12963
1873
12769
2295
5572
15363
4158
8424
10969
11235
16896
14557
11040
11742
10413
11815
3757
14634
1881
19263
351
4899
16188
17900
588
3967
3492
4417
18486
2390
14974
15169
7984
7742
17464
17277
6825
1621
5700
1514
16577
2596
19792
7616
18059
10204
3152
1815
8558
5033
4799
8909
9932
4707
10530
14241
8675
14022
2378
10881
132
17352
6050
8116
8814
3513
5392
19360
8856
11093
873
9153
17410
664
16770
15468
14589
3642
1003
3146
12396
5802
12055
6048
10510
2584
288
2905
326
6387
13786
458
3738
19836
8574
16273
7070
13967
15632
19647
8780
16505
8799
6189
889
9289
1656
15478
16652
2659
18624
9047
12183
14399
15095
2692
704
19104
1030
5490
3103
5210
12949
6660
17505
9221
17451
15192
8573
817
3971
8798
9616
10160
9687
2626
15537
8885
19278
18197
11229
12046
14100
5628
7140
16792
6332
9965
6109
11083
15455
12933
13
12125
3313
17519
5066
4484
12710
13640
5301
16682
2437
18639
10562
15846
1264
6099
4730
4262
8016
15960
16308
2115
5308
7169
2627
15361
17134
12457
6443
16309
9110
6457
8433
12424
7696
17221
16908
405
14581
17087
17018
4568
7649
16584
5832
17469
5035
13815
5484
4715
10123
11320
10023
17292
13947
5383
18146
6403
15547
14454
15513
5724
6608
11657
13420
3828
8565
13826
18409
14495
14633
19147
2783
6002
19452
8615
3470
4486
2429
9201
3994
2944
17285
17941
8064
3873
9884
7298
9598
212
18955
3017
4040
11240
563
6169
9455
15197
9036
12238
1198
8487
4573
8390
16694
7003
1064
9615
6996
12559
4281
6720
885
19711
18506
8480
13315
5803
18078
13527
4757
4815
17567
19719
5379
7456
9173
575
16493
5494
8700
9705
13884
5394
18670
15009
7425
7449
11289
17890
12174
15137
16395
653
8452
2197
2451
1978
10676
7267
3266
14115
16367
10722
3287
16942
10935
8419
6156
3356
18125
40
12471
2273
18710
11200
9698
9879
2488
5124
7768
18384
261
4163
19037
8713
10081
5209
14412
4477
12476
17678
18592
12563
12121
5600
13225
6776
17740
19381
10132
15864
3141
6323
1858
5571
17524
11556
11
16681
3218
18395
662
11102
1152
9375
1182
6361
7507
9381
2557
5185
7972
15120
1026
13572
12065
7802
11312
1655
10896
14587
7978
12754
3878
9222
8031
19329
8432
6267
11349
9094
17369
16222
2189
2271
6303
11652
8860
18602
3345
7700
19628
16917
19765
11151
11949
14931
16527
6566
13238
4504
3040
17116
13727
14792
164
6681
3223
10152
1750
12317
11241
1693
18227
13513
7996
10245
12230
11998
13594
12868
15484
4744
8537
14135
4991
15103
7372
9495
1864
8208
6942
16656
12094
17344
19880
2245
2815
15917
13487
4508
17865
10720
16225
9508
19605
19753
11835
12521
13346
11725
1810
16960
5859
6801
15784
13231
17
17648
5159
10680
18024
17253
11745
1623
3219
14560
17541
16706
2788
15405
11146
2733
4912
10750
3256
8385
6305
19498
5452
14728
11222
10983
15409
17081
17785
11192
14032
12560
2911
12202
10583
3946
12207
7104
2226
13468
7530
8735
12593
18676
11469
1225
13146
14725
9610
17943
15062
9164
6045
13308
7550
8220
7717
9072
779
10628
4994
15084
14513
12662
7290
5337
14888
4478
12867
3623
17071
11542
18813
18296
4688
17258
11626
7860
15200
6688
9480
4363
16454
6509
18049
7724
14729
9486
516
19230
3834
5510
14313
2068
1892
5323
7405
501
9801
272
7845
10592
15535
6657
8887
3943
3914
512
11803
19114
10921
5004
7197
11095
11513
8966
18819
9962
18452
9191
2285
8566
7224
4353
14179
12547
15480
14680
6068
15752
2524
16660
12902
9267
18951
16816
13501
14474
19650
4421
19478
6846
19238
10990
15812
18056
4673
17984
1111
13864
3990
13398
1088
8343
17356
2256
7145
3294
8501
3804
18302
1403
16793
17252
18219
10293
17869
18435
14924
8435
1392
9634
7968
19449
14307
5951
4280
11892
9941
2005
5253
14056
7509
1200
12843
16011
8726
17414
9239
15837
19353
3252
7561
941
5407
6205
9377
6800
15840
17345
6248
10146
7016
14249
5758
16958
11926
2458
2683
17179
16515
12231
8409
1435
8794
8140
13882
7379
9274
3120
3215
8626
6372
10777
13289
15501
702
2665
2300
16542
3730
12269
10409
10746
6517
16167
11424
18443
18626
14107
19342
18861
10059
295
2573
15890
17899
9953
8884
1018
13168
1231
11112
7665
14520
6612
8368
17185
8912
4909
914
4901
19039
15381
11418
18927
6805
9860
17552
4632
12922
14691
672
427
985
282
18326
10938
9167
3065
4105
10398
14177
11771
4917
4509
138
5822
17142
8768
10457
2042
11528
5837
17181
10454
16363
10761
11726
995
3682
11858
19407
4354
12285
4112
8358
14332
15050
17525
1117
19156
11643
19015
14647
280
3523
6102
4385
10994
279
6427
2521
6116
7328
16696
6200
18089
8421
10916
1770
278
14043
6125
16285
18156
18204
10616
13205
15728
11733
16081
11091
10747
14448
11371
17991
12953
1193
2375
7668
1472
12523
10189
11309
19851
10606
17509
1659
19027
3429
19306
6188
13275
19311
4343
11478
9926
1268
10926
17350
2016
19847
15518
17108
1557
12192
18301
7653
19860
3896
13769
14803
7467
4374
16032
9126
3401
8177
12555
14365
5830
5737
18708
1028
19384
3696
11955
4766
17692
12050
284
14800
13607
16821
1259
12335
314
8876
9824
18838
16343
14199
14869
5468
1320
3045
1743
7747
11294
17205
19838
12323
16588
3534
7998
8300
5689
840
12305
488
14447
4780
17310
19427
835
1344
8302
10660
181
8579
13833
9899
1816
19297
1366
2946
10591
18571
2784
6634
18879
10039
14632
3948
2059
320
4530
2955
19145
5560
3701
6904
14404
14361
7085
2939
5855
321
16559
7671
19618
17925
10618
13929
16495
17123
562
15373
7161
15194
3041
12941
15515
11550
7305
3765
18226
10171
9325
4327
13872
16229
11953
7034
5219
18613
12889
9261
15171
12599
13095
18620
6528
13310
15742
7090
12403
6623
2284
19564
1519
10714
10590
5284
8939
4481
14609
13266
18353
14558
19438
14026
1591
4656
12638
14480
17638
11529
2481
10236
8344
1100
16764
1653
3854
10906
9859
13220
14191
11378
7654
382
16593
14991
13579
11334
13016
9080
14860
1717
9339
2750
16967
15542
12986
5310
16642
9750
10684
925
17325
4739
11831
7183
1679
6021
2281
9333
14522
2663
9646
7503
1374
6945
18837
14643
3681
7916
9502
13354
2561
11544
14041
18103
4529
19351
18466
18000
10034
3111
19045
18494
14942
9948
3893
4684
12229
13226
19206
6592
6709
19987
9266
18350
938
903
9732
17978
14134
4996
12019
13247
11369
14422
11246
17533
3617
16196
238
7511
879
16189
4457
84
14801
14771
10514
18509
12028
19781
578
16688
4404
12151
10140
2381
6284
2240
8383
5769
16663
3349
10893
17916
17361
18231
14111
9462
18711
13920
18796
16030
12411
13030
18259
4438
16531
4846
934
10988
14987
3316
992
13844
17716
3232
5947
7205
3615
9296
1818
1531
49
19363
11698
9511
18074
12927
7151
589
8956
19562
13619
10936
7721
10150
13494
12567
14805
8202
11274
18121
9194
8838
19558
12426
14785
10483
16042
4081
12302
1293
14459
16072
4376
9877
9303
2803
16455
3038
19737
378
6415
11178
19909
7466
9053
18740
10895
1024
7578
14173
13451
6083
4655
13213
13885
16957
12064
13028
2602
1940
6052
8773
4743
2506
15532
223
5963
10359
13879
13989
4607
2932
5819
3346
17548
14645
11720
4015
728
16375
948
14613
17053
19175
6677
13801
5497
12338
19853
14270
17082
2358
9802
1025
8322
11384
5463
3311
5372
13791
6243
17137
1756
15503
19231
5771
19952
15605
10440
18285
12657
13335
8682
6458
18832
1020
6310
16823
1822
12390
6624
2847
4432
19777
14231
13616
3087
3324
7406
13051
14516
8263
561
19993
9484
7437
19118
19924
5722
15495
13258
5673
12089
15705
8911
966
8094
19256
3813
16247
19033
1765
9862
2119
5089
17268
18892
3325
5530
19453
3317
13017
12801
2082
12724
9896
1297
5981
6971
1790
7165
2675
14423
8132
14490
13678
15666
10736
16431
17431
597
2519
1585
1162
9565
10836
4335
12882
3852
7300
9403
8027
13103
2126
17923
14401
11828
5943
1371
17340
16830
7767
11762
9160
4347
16713
9312
5499
11583
8018
2615
12745
1304
17080
14186
8101
3589
9051
1203
9436
10694
19325
4985
358
4416
17188
17807
5869
18160
10687
13937
14872
19999
19436
15902
15302
11175
18517
11767
12479
11968
12568
10385
12992
668
13974
5592
7131
16457
16815
17723
5237
3408
3591
3396
14095
1249
1989
17815
684
17891
16837
11859
16408
8604
4337
8375
1171
14723
5087
12417
10850
14873
3268
7306
19790
19105
4121
12844
1843
1801
4393
9156
5197
10405
10907
23
11089
580
6669
5205
9184
14727
17301
14076
13170
2387
9308
13237
18230
12576
4263
18019
11681
12105
14583
16387
17670
16384
780
5302
6710
950
16209
15760
5006
11034
6149
13932
218
876
11232
18015
14046
7074
14297
19601
19651
18561
1339
15052
14386
19644
11438
16027
18880
1328
2648
3550
1258
6264
7857
5459
3917
11796
10056
15149
9810
7823
14902
14897
10506
18223
18268
12787
3283
13319
7173
2926
8478
19228
2673
8137
1828
4002
14507
9099
8981
15245
19186
17590
2882
14702
7645
18032
8233
19189
17962
3134
14086
12188
5078
12353
8696
8361
9393
15869
11287
18817
13960
9728
4365
1682
7955
13465
14384
3005
5594
9629
5911
16232
613
14550
8846
17459
15945
15701
8133
778
7618
16829
9139
731
16418
4146
2322
1827
15771
3320
7230
3726
505
1614
10452
14964
11195
16976
9179
9542
8732
5123
5243
3997
16977
15336
17526
18882
16067
17664
3027
18389
16619
4854
17880
3659
15806
5326
4164
17420
15778
13984
12383
12141
12837
1981
16477
2379
14435
7622
18432
6018
17364
17488
3544
16245
13554
4928
19273
15663
1546
7847
13542
3652
18869
13090
4792
14646
895
10507
14061
8194
3344
19764
8391
5723
14198
13712
17066
16350
3451
14429
13837
10716
10674
15644
13667
6773
911
1513
9837
2903
2927
13679
1270
10001
14575
11777
6489
18842
7545
14880
8285
12313
5350
