2115
12315
8534
8386
13591
825
4285
14774
3460
8463
7923
17673
12763
4571
14420
1355
12060
6253
4681
10030
18504
11922
18732
4601
1309
6469
13461
14169
4460
10975
15471
3155
7010
4004
15262
600
8550
3267
15374
12010
15452
7017
9683
8214
11589
4102
9570
7369
14076
17972
17399
12580
9893
19852
901
14923
6320
18083
12812
10781
9057
8283
17657
16067
16008
16639
16667
4558
19906
15761
16568
19078
2778
9971
7292
18088
17794
582
9177
11870
18554
6575
8170
12167
10147
12792
7089
16468
10875
3621
10969
19932
15625
8625
19720
11633
8984
106
16191
12610
15868
16479
11688
2366
10171
18980
453
7964
19562
9630
3554
1835
19926
15445
14002
10073
8237
4811
10261
19112
8432
1229
2763
4057
13575
2482
15690
2558
2589
15601
15168
2177
12079
6855
4543
2249
9555
8717
13935
12837
2067
17489
14672
5713
12934
8673
19507
4891
13484
9767
4002
1916
10996
6765
9694
8291
12969
5383
10849
19279
983
6017
1455
16783
16593
9719
19033
6148
18436
16688
18985
4223
17897
17378
9936
14551
9771
9443
19442
3255
2930
3443
8892
13927
13930
18586
2217
10619
7689
16788
9897
12393
6525
11352
9175
3117
1070
11928
12986
3226
8615
11971
7449
6512
13069
1105
1062
2839
10548
504
9815
13479
7668
18707
11126
5318
1012
17064
19658
12422
17572
9554
4814
4096
4626
13990
7214
9417
5917
199
16364
18254
15891
3812
4765
8959
8639
5827
15520
2907
10052
5334
16386
1441
4041
11232
10480
8774
12017
10138
1196
9588
19692
9731
13685
8039
3720
4619
1176
13359
8539
17541
11612
8151
5073
16377
17110
13712
5924
12629
16620
19698
17964
16726
1138
5725
11679
15339
18220
3695
5476
3136
17004
8889
12868
14409
16928
308
19028
18104
13667
11288
15644
5278
19439
4438
5375
268
18150
15021
16619
14769
14718
18303
15216
19577
4027
6894
14915
5967
10589
4112
9104
11313
13001
1971
5722
9928
2279
8470
11752
19668
19758
7396
8666
2916
11834
14042
3185
13704
12783
19804
12194
11221
18106
7409
14518
5853
14303
13153
15541
8612
17265
4644
19925
10265
10336
5646
192
16337
17838
15666
16004
17595
6782
4669
4232
2336
2431
7417
16040
18935
10941
8233
10155
12767
15642
4672
2340
13665
17826
17881
2276
18811
2525
2201
9076
16582
11568
12989
12918
9405
8654
12642
10721
15436
1032
14953
17772
7184
6090
13812
6119
17031
5765
19995
13518
5128
4667
15858
18793
6213
13738
4790
5023
19984
6991
17820
16566
10809
13204
11685
19463
5846
6126
14899
10599
4799
16391
17783
10889
13923
3901
11640
19689
7617
5157
4816
12284
1014
7329
14752
12119
10961
18457
19110
8781
15022
5110
19590
8225
515
2772
17792
6641
1391
8390
11440
6173
6049
11705
13795
17689
11393
1411
2845
19930
17416
7580
7259
3353
6052
19378
14315
4508
2208
3095
19530
7318
6405
11476
11554
12898
9267
18195
14290
17658
13355
15793
7551
19404
7497
1345
812
2611
2757
7378
6261
3893
14958
13520
7247
4730
1561
9239
18827
8377
12489
9865
18503
7685
1418
11400
16953
3333
5689
18331
1481
5881
19812
12700
7226
4344
19032
11722
5292
17598
10400
18813
8565
15130
15431
10126
8089
17978
2223
4299
11563
725
11984
12981
15846
12657
16314
1535
10987
16722
6737
16868
16533
3157
7815
4597
2188
5239
16319
7481
6557
6718
10014
15122
5568
9165
8968
13658
7142
11191
1677
18705
15637
13661
15406
11483
6318
11719
16739
1025
12161
7196
1614
12414
10354
9429
17011
12542
14668
13329
22
1225
3767
13757
16347
9335
2921
9036
6713
13784
226
12111
16209
19585
5772
11614
11067
15811
7053
11526
556
19214
18722
2170
11627
9075
11599
12358
5338
9988
5686
5360
14934
13174
2838
15001
6230
5759
4036
16664
19544
7984
8775
15752
7568
18268
11087
2355
14078
18140
13881
14634
1074
12602
525
12701
5398
15845
8780
10736
5832
18187
19817
4486
11361
2654
19488
1311
12135
3523
17975
11678
15228
6749
11150
2795
8737
2236
8871
2814
4097
2751
1169
5171
19075
5415
1592
4472
1259
10372
18929
10813
8559
18745
15299
3640
5120
14786
4951
17255
2030
2925
12653
17258
13396
3802
3774
2132
9760
12645
8668
13857
15397
13558
2748
18192
18973
4340
6384
3952
18434
5312
14765
6992
7777
10064
14353
12897
8570
19304
13872
10600
5949
6524
11579
3065
14048
15353
8919
3807
11718
17587
1384
10835
14865
4132
9026
17558
12193
15410
1509
10626
4442
19996
1338
12220
10059
15691
8837
2349
14994
6430
16671
4664
12954
8249
7729
7001
7322
16648
14529
19040
17955
15913
13596
16540
3765
2621
14097
15959
1752
19328
10305
6194
19323
11644
2134
13102
7334
14693
15451
1122
12121
14434
4090
2162
1077
15133
2531
19327
17894
485
15240
11489
17026
19005
17831
14843
18684
19583
14170
8989
5777
13492
632
7911
10314
11687
2603
1456
3725
1606
15890
1522
9418
1773
8271
8025
9885
12231
4606
5094
12977
3611
7820
2294
2507
1989
15004
8284
19203
15636
19917
13237
11044
6240
2722
16221
13687
8050
15832
18930
17468
17605
5249
9459
9350
10895
19345
1580
15502
14558
2833
11084
2377
8848
13592
8087
3852
5596
11010
3208
9233
4247
14252
15474
6969
10473
12881
15019
6304
11810
16207
7629
779
9387
16979
15395
12452
18559
14617
16890
16837
17450
7974
10019
5286
11022
17592
10882
2031
799
115
9999
18773
19310
689
9245
15911
19429
19270
11441
8743
11318
7614
1194
13597
2231
1804
10434
3401
13499
13368
17141
18785
4389
14732
13388
10142
15532
13503
140
14304
829
7269
16164
258
10259
7604
19615
877
19824
8357
15916
7437
9551
9512
13389
11355
19946
511
4854
13314
17652
7359
1423
12384
746
11565
7915
17970
15427
5939
18223
19977
16929
14386
3955
7187
3569
11785
1812
15647
7700
12971
8918
17212
6359
3994
878
10591
12569
17913
8243
3648
19336
4347
4395
14622
12262
6085
10048
1921
4308
10024
18850
18694
13980
9757
683
1269
1541
6216
637
12962
19187
13276
10173
17270
14772
19858
13559
12684
11821
17208
15741
16168
5323
10362
12150
11408
4130
14071
15716
14154
16641
14410
11854
6397
18814
16845
7938
5029
17482
899
4216
14478
14794
17204
15469
13286
17061
9027
5970
8882
9955
5431
5049
15278
19514
17200
10407
3643
14991
6122
1517
11632
4252
13372
1749
13937
13409
11816
15139
18029
19753
9616
12822
16956
5084
6108
17737
17833
15799
6618
7787
4950
15389
6786
4463
16309
17193
8106
15020
7035
9623
6715
12122
18074
4372
5530
9889
19511
3558
9641
9127
101
10317
17932
9930
8054
15764
5728
18393
7272
14399
13781
17779
18862
13810
18692
10688
8830
5726
310
19202
734
10747
15044
2529
15119
573
12418
18351
7853
5780
11198
7954
19818
9129
17884
7871
8614
7332
6264
19607
1730
591
17576
19797
11279
9243
15310
13048
9978
9777
8092
12507
8617
12386
8645
238
18146
1885
8192
14735
9796
7069
17128
19540
6675
2578
3305
11501
3169
11297
18169
18448
540
11495
14239
10697
3307
10466
3034
15694
19111
13722
19653
977
7845
2661
14063
17641
12216
1131
18490
15477
11528
1067
18782
7958
7103
18047
9847
5550
2307
10767
765
16546
5185
7794
10732
8219
3487
9842
5662
6860
14540
4989
14705
17201
19052
13138
3904
18277
19153
19344
11116
5901
7301
18219
869
3768
9975
11636
8254
10241
16821
16048
972
8761
14536
14423
10116
19412
8541
9997
2184
8328
9809
6604
19190
12682
9669
18583
690
8523
9972
1559
16012
3667
16917
7986
17630
13737
4034
18602
6218
16858
640
1125
9654
3773
3371
5957
1715
10226
19487
12041
9415
12168
1709
14471
2399
11963
7680
11695
11831
4596
19681
9460
2053
7435
11782
8272
18446
8640
12633
3291
18294
16406
16679
1664
6083
2115
15611
5569
14156
8746
1457
19586
12186
15929
1984
4148
4091
9664
19564
19643
17981
2964
9102
34
884
12027
12566
9524
4659
15857
11538
1065
12536
16923
7148
18372
16254
16439
12527
4999
1616
15833
17185
17545
17817
1332
5357
11202
4616
8720
9182
17823
12937
17980
4963
10545
11951
10123
7209
6379
7852
1556
4750
4105
997
3332
16830
6288
18367
11341
13675
9568
15957
2395
2471
3536
217
15408
5237
2644
371
19503
18316
13715
9625
8123
19725
17097
13400
4474
1201
15116
9192
14026
2168
6021
313
10486
4388
11654
4161
17677
11331
10277
3868
18588
14215
19277
3824
579
3368
7048
18895
17083
393
11860
5205
118
8956
18605
8313
13878
17441
17506
7903
3329
11937
13816
15356
7311
1697
13033
18642
11974
621
949
6188
19898
8495
6767
6986
15543
9382
7789
19657
1241
12994
19775
13918
15320
11809
11516
16481
9314
3139
19811
281
15076
17347
15638
6107
19044
12391
8469
11017
13012
17205
16631
7692
3616
13455
17074
11406
13112
2035
8120
16607
19674
7160
8415
11189
3641
1449
18049
7172
1731
13124
4518
1089
2951
3561
13480
11420
18299
6491
837
15503
3121
18751
6915
10459
15926
3988
5585
12758
9744
13705
9365
865
1500
605
8227
6671
18654
15399
12123
15498
3637
13212
18449
7198
6691
13589
5496
16903
14426
4719
3745
16897
11634
14204
12823
19343
19789
5580
9086
17214
18666
1799
3887
2828
10026
14279
5202
9145
6401
699
12782
19613
2868
3700
16457
12917
6926
14603
17636
10671
11500
12990
8595
8043
12332
12104
13623
5138
13039
16010
7361
14838
3617
10189
8585
17896
15391
17730
4296
10512
2678
14212
17653
2855
10850
8299
1179
8485
2691
12679
5196
15007
721
1248
7111
18065
6387
3870
17795
13748
18708
3937
19307
3048
7323
2859
19255
18673
9258
17187
45
12114
8036
8345
13293
242
14757
9692
5438
9763
14134
6686
594
12198
16794
4464
9993
10542
3172
15125
18200
14185
18153
1247
2927
5475
7827
5902
7869
17086
6810
7914
9199
18567
16259
6212
18809
11015
15904
7967
4499
10037
18375
5093
5955
9558
19669
9430
16451
10635
12598
17284
2141
424
10010
17510
9995
17925
10429
12283
17904
361
11091
12640
16265
2779
17139
10022
1153
15978
16321
15510
19367
5751
11960
17101
6316
14547
13419
3599
409
17565
10505
10419
18795
4221
12064
9224
16504
13689
9585
7594
6328
9571
10373
3313
15247
19291
4928
2378
1039
608
1860
6924
14806
15280
14244
15215
12844
4749
9354
11638
8970
5139
4582
9194
18828
17889
508
8876
11180
16063
14493
9849
9201
17505
1416
17850
19883
6176
18459
8037
9103
14946
7037
3347
10160
19881
11817
19515
15239
4507
8374
3542
13701
7201
5151
14209
19798
16331
8811
19581
14544
2381
12048
7518
10352
11930
13695
12531
12071
5452
5354
10737
4618
16090
4238
11328
12466
16227
18591
9887
3741
7817
6945
3792
348
10246
18337
2729
19027
14105
10248
13099
6035
3942
1826
9394
16284
5603
7126
1692
15086
8754
13020
4980
15332
1159
15849
2793
8976
6586
9324
8643
12054
15787
2747
6022
12606
8782
1956
14329
6799
16661
10613
12402
7507
11514
14094
2592
3989
10834
13865
8969
6165
15024
4818
7720
11332
19266
17044
7908
12818
3878
10655
2560
204
3158
16245
2160
1207
3043
2541
11820
10049
7055
9538
16362
4093
3733
10258
12272
2937
16690
3604
2202
17455
15417
13831
13993
3015
16554
3219
11365
12798
9101
12572
19563
11642
8113
1690
8266
18053
6211
12359
11999
6337
4690
5937
9275
1379
13262
15198
2554
8678
9029
15414
13515
16822
18633
8600
13340
7733
1171
12902
19376
9284
11630
4786
8172
19896
6559
14383
15975
8048
2311
3248
17706
15307
8348
10967
14624
3365
19534
14892
18779
16769
11713
5368
8773
8865
10260
1675
11961
3265
467
11437
641
7027
9541
16616
9306
2647
12554
19015
4622
13702
12180
2966
17067
15434
17858
19566
15923
13291
696
5011
2064
13282
15271
7460
5242
2256
8206
5710
13694
8847
16458
3234
9183
5763
11830
2037
7278
17226
6659
979
13126
13347
1766
11204
1331
8202
8216
5748
13213
14001
19031
8484
5181
7993
10740
13387
17424
8154
2233
15109
11416
19644
19652
6966
5401
10650
4192
15782
11629
1038
9128
17116
9598
4052
2167
17800
12268
7916
14734
9989
10667
3217
15170
18660
17678
8556
16084
9553
14510
4661
9646
17050
8034
333
2450
8246
18232
14034
11080
11149
2602
17038
4123
11121
4953
18857
1110
15620
5794
16280
7192
8557
14083
16745
6787
1406
154
8538
9440
487
14709
11844
8733
16662
5877
1737
7741
747
2873
17785
12184
13995
6458
11040
15105
2077
16834
76
7746
7382
4491
9369
5897
14324
1627
19058
14811
16336
10901
7264
12997
499
9001
738
4967
17062
1326
9209
4005
151
4559
15257
15083
12306
2638
16684
16797
528
6414
14852
7679
13383
7736
3813
4367
732
8033
17090
5191
13000
17872
12524
19472
7117
17571
8680
11122
17723
7407
15682
16700
11708
19338
2894
8504
3587
8947
18639
2159
346
11551
8082
15364
3630
3397
719
17727
16397
18592
10250
15869
7821
8269
4271
9264
2711
3673
5963
5608
15381
9021
8502
7605
12608
1169
9964
14768
5237
1514
14031
13319
16879
1381
9575
275
2101
7302
392
4413
1272
19982
17563
12814
8251
5554
2077
7648
9228
8040
16977
8329
17062
5478
15935
13390
10369
5898
8157
15606
11134
5908
12645
8012
7290
2220
12008
13112
9522
16121
1245
14515
16103
18808
7329
8074
4361
9406
19443
17310
17447
16419
5639
18229
5617
1573
11618
15986
11192
3496
15312
2325
9404
7957
14058
16694
13898
6065
9805
7140
2186
14771
1654
18289
13578
8983
10083
1660
2110
9525
18970
3277
5943
4608
1505
11560
9902
16844
11267
4815
4060
10299
10861
13465
18256
4919
13879
12153
14705
7405
19293
16891
2175
4668
18900
19475
13651
8982
1134
19482
2227
3824
2758
8170
12154
4263
3451
5776
4828
18439
10591
8888
8737
1452
6073
6993
10092
19953
2866
4796
11078
5880
1687
13253
14269
4307
16448
11640
17011
17582
11122
19238
5127
13880
11129
17281
1864
14580
3056
6692
16739
17369
19301
5475
2541
5374
16189
12633
9047
2776
17429
124
8656
2836
17098
6645
10865
13546
18285
7875
14848
10833
19975
3286
1961
975
5150
261
4032
15563
17000
5121
14863
2475
7662
3957
2384
4015
13004
5160
1443
13128
17537
8001
13947
4181
18866
7492
2466
6740
2339
11872
1293
2314
18879
3255
3289
7749
7237
11042
3311
4237
19884
1895
10433
7545
5852
16538
15281
18857
1698
16725
15705
19235
4725
9651
3416
3590
863
9603
14051
3203
5195
15344
9238
4074
2319
12527
11823
9557
15135
17515
7173
750
11668
18440
6602
8205
13720
9179
13624
14165
8605
12859
18890
19996
6200
2840
3971
6043
18514
19316
2587
5355
11528
18132
18633
2538
13266
19868
9712
14016
15256
8151
4338
7182
5591
13518
805
19757
2122
17385
2366
4098
17380
8567
6938
10698
12538
16702
9212
15574
15703
15520
929
7231
3282
9769
10637
3150
3201
8373
18406
15073
12712
5587
664
9950
10114
4141
15793
7498
6507
19891
4878
15074
10550
19297
11333
7251
12229
6906
2954
11470
11556
13906
5120
14839
3674
19479
17989
10597
11572
114
5669
4283
9423
10054
17954
19537
14195
13746
7034
702
13637
15633
19497
7907
18651
10829
15158
14600
17736
1832
6069
13012
15738
14911
7850
3133
18110
9559
13730
9681
13395
3119
17686
2817
13174
15639
6074
7368
9385
16829
11791
6742
12462
11288
14649
14833
5837
13527
9432
3572
15360
19223
305
14818
14133
8155
17951
12242
1435
15401
1922
18551
18521
19608
1367
15415
18968
11162
6503
8352
7990
18295
18815
451
13303
17184
19005
19140
10710
8437
6433
9790
7659
6738
5512
18614
2558
17754
48
1680
3396
200
6725
3686
15615
9413
2117
1485
6559
4132
299
7010
17435
17483
6015
16575
11913
18173
3007
1703
5831
13466
6311
15064
12079
12590
15849
14270
3654
18168
18191
10379
5575
13805
3512
4143
19644
4997
10702
7496
5296
1433
4931
6499
11169
5226
2133
9341
11954
3836
18893
5419
13868
13956
17498
6457
10493
17067
4448
14147
15235
2638
8247
4530
16444
15480
8673
19808
477
3096
7303
9494
4529
15955
19715
19419
1180
1847
8759
13134
5683
11372
2273
19551
9048
19772
9728
3261
558
14176
1128
19514
16815
13096
4043
16979
8576
16438
506
12774
19534
7809
2267
4062
7485
1981
3480
8665
3828
15960
5520
13232
11052
7793
16503
3820
11285
6231
7081
11844
4127
11930
15078
941
5026
19122
1640
17323
15559
2146
10096
18813
13677
16084
6595
1161
18066
13796
13547
5614
9755
19067
18847
4527
10581
15349
8347
1865
5300
19149
17430
9428
14799
12508
14090
3545
15350
19452
867
14629
1597
14684
13441
18995
10768
35
155
12554
13831
17424
7306
16490
17014
15554
10791
7621
16378
5104
10490
13807
18253
5288
10035
16064
8834
9105
15515
13422
3733
832
11827
17174
19828
2594
3703
15148
18481
1126
17036
5786
1337
17771
5060
12128
13854
12681
8505
2678
3170
6033
931
12180
19789
16995
1013
8894
12509
18156
12627
9982
13522
16889
16297
14451
4313
15165
16653
9160
12201
6159
10497
9971
11220
6346
3900
18572
10223
10792
4604
14875
2971
4393
15590
7705
13287
8098
9581
9634
8881
3284
3155
9490
19581
1327
13803
18467
17980
6684
10667
7859
17181
4358
19079
7247
15624
6700
5819
9567
17492
14144
4442
462
2257
31
11888
19265
11851
1468
8899
731
4752
15775
13942
8054
17102
11466
6520
18802
18150
907
10382
19051
5265
9460
6298
888
16160
15838
17372
9981
18618
1554
2370
13442
15224
17942
18632
4122
2393
3383
19898
16335
11437
719
7800
17957
3242
5949
2584
5000
7849
6804
15019
12458
2964
10856
6634
335
4557
8972
1890
516
15063
19053
15741
17684
3583
15397
1067
15453
16225
7921
3252
17903
14884
12923
486
8507
1643
12057
15311
16662
8235
1995
11238
14869
6052
19516
7562
11663
32
6345
10715
19494
19350
8399
3076
13187
10278
13919
13132
1919
892
11034
16803
17536
15242
9030
19179
7298
8061
19561
15533
13778
14519
14123
19830
14034
5405
11492
17787
11750
5927
17280
14820
14326
356
11233
14355
10926
4365
16274
11818
19120
16797
9353
14361
5826
12252
5379
17608
11812
912
11385
10051
18756
11214
4085
4160
6426
1871
15910
12354
2872
10730
10400
6949
7737
1633
1303
18663
9719
1297
14202
8838
18094
7275
6920
7640
19528
12299
5247
15060
16932
16633
8832
15687
11567
12917
19847
17994
18509
19478
14068
1380
10207
4467
1664
6100
13353
326
19540
14650
18249
8378
12743
5524
19019
4103
8772
11317
13072
7552
8249
13425
104
3935
4991
13021
7503
6705
15251
6980
772
16631
5240
8681
2571
15061
2033
6618
14601
16684
4867
6699
13147
14112
5717
17251
6604
754
10322
17877
12724
7467
17982
380
14723
7883
2884
9973
18584
3656
10325
19491
12617
19006
5782
11399
1038
12400
5999
1442
987
14590
18820
5856
15561
9144
10331
10742
3055
17070
12444
7156
13248
7166
18760
16132
860
17343
3509
14906
553
17632
10056
11245
2390
6176
964
3833
7164
1103
2143
9704
6959
1424
2569
1011
11027
13311
4066
11817
5754
14943
5064
16641
13702
4917
1221
14765
12147
19848
15318
11993
17479
9094
19870
15270
11644
7423
2433
12748
9566
15859
3427
10990
18428
4438
5737
15459
12225
17554
4933
7167
6338
4589
14976
6516
19354
7122
6363
18392
7563
13516
7432
2755
5159
18576
8909
17907
8141
8488
1334
2851
10636
5772
8588
6094
1718
9862
8885
16200
16322
17196
14897
6558
16549
2018
16642
18662
8575
4204
6146
5811
15357
12622
10971
13932
5252
8877
5793
13740
8644
4376
3425
952
14191
5143
10814
8939
17749
7014
5260
14944
1910
15539
15214
7649
13875
19946
105
3741
5756
15462
16364
16727
13115
1615
9325
18908
19076
6977
11273
1363
2986
3039
10302
4456
13774
19283
19400
19405
14821
18334
10774
10721
12208
10719
10826
15950
196
10009
16034
643
3123
1369
13689
5751
444
666
17024
7617
18510
12970
8980
1496
16009
3002
5952
13503
2284
9072
12907
825
7406
3680
15267
19614
18121
6093
19284
18317
16102
19038
2680
2945
406
16370
8696
4572
756
9441
12189
19266
2410
4889
761
2139
7891
6713
15642
13896
19507
12269
14721
6912
15949
9987
10246
17790
19801
9530
19827
19623
2507
6288
12695
18877
18706
17267
19633
8146
13176
18898
14277
18065
3380
16416
9676
13814
15778
3571
13320
8046
2012
231
7715
15720
10478
5505
19242
3728
9052
18864
16016
11559
5152
8710
10435
7578
9697
13788
15724
12686
13721
936
16066
13857
14333
9879
17904
1400
3636
7151
9115
3077
1349
18341
2318
5077
7393
4902
1093
18952
13775
13524
13108
1352
6942
6895
17076
9814
3301
14517
14472
3087
8804
16688
1727
10429
3607
3127
17786
14479
12243
862
15829
14304
3180
905
5417
8083
5719
8090
1857
1197
3210
9906
11813
4006
3440
18836
18524
17912
5643
10617
10437
6051
12345
4586
13379
15472
2371
7858
11435
3234
6414
8312
14877
14497
17753
2966
75
4437
7884
3285
18064
3418
11012
1503
5974
13256
3136
11617
3873
13573
1389
16218
18159
11689
529
2625
6845
7484
10032
16305
13899
2065
11181
12116
3538
17869
12191
7975
9473
19197
6038
12891
10209
11262
2585
3464
14398
17924
11058
11691
19313
13570
14080
2685
17821
426
13251
5304
10458
9555
2923
12523
15040
19782
6045
10951
7756
15519
13869
12130
7798
8777
14716
14983
12639
6041
18587
11951
17037
15877
6030
19722
13697
6456
16693
19002
635
6247
5645
14425
684
16661
4190
8137
19709
12946
5652
11839
743
10275
15726
5044
2913
5487
7351
18585
2524
3228
8335
5966
16925
18513
2659
19647
19148
5292
19747
10772
16407
14963
8774
4544
14671
1719
13917
10230
2462
12066
4225
1909
17110
7138
7396
4461
9443
13641
11410
17779
8334
16291
5987
11702
19159
2334
714
18905
13107
10411
19033
11790
19186
7297
10181
4625
1213
7088
8357
12718
14109
19217
113
2290
8659
17476
13700
6437
803
5755
6448
6790
1177
9327
12845
1891
8232
9672
12302
10985
1461
15208
2002
11643
19834
3215
19496
10642
214
7852
3359
18044
7068
7193
4055
15728
1475
5885
5471
7230
16055
15982
8407
5381
12548
10298
17334
2219
6321
8318
7402
1528
10320
2765
5082
17256
2260
1190
10112
2803
2955
901
9997
349
18386
8485
6234
19437
2288
7280
11564
11391
1862
8724
5768
11904
17043
13170
17153
11083
2235
12060
18195
1679
13250
12027
8204
16205
12928
1921
6935
13277
306
19142
3232
11605
18578
9241
2606
10141
631
6154
9356
11922
7627
10119
5091
4780
4922
1025
10736
16982
2940
16136
10232
14968
4339
10157
7895
6260
813
4893
10288
19955
11846
1892
18532
4807
4498
12393
5439
10653
8117
18516
6295
15744
12355
11387
4244
17277
16133
18701
19074
14837
8211
14041
19176
2088
5656
5436
6622
6576
6115
1336
8828
10923
9556
82
3929
9338
10224
8802
18394
5331
16768
15670
1464
15468
13649
4258
10304
5580
18299
9480
11390
7675
18637
18012
1945
18081
8309
11781
3137
17137
6424
12693
18358
6506
342
11416
12545
10567
218
10938
19619
16986
10329
1082
12453
7698
5340
6478
7359
19679
12110
15035
18315
10121
700
115
2150
12481
19288
18906
19667
17645
9132
8
12782
1677
14296
13000
16336
13915
13706
6664
14997
6158
18084
4058
16357
15083
15138
16035
7192
10172
14349
1033
14593
18185
3184
10795
1437
6192
9700
7557
2552
4832
338
7950
19129
13338
4286
13043
7043
11760
16923
12754
19539
11557
14677
13035
2469
8569
11104
7224
6883
9289
14129
17678
14447
320
11098
19271
7877
13650
4102
8216
5321
3230
5274
13328
19994
16039
7998
15475
16682
4473
18734
13681
19751
13410
6715
5700
17820
13165
12583
7293
13981
5275
7613
5078
4545
19211
2448
8647
7426
7769
15599
16422
1096
16181
12816
18508
12862
1009
17242
10263
759
14372
3792
18519
19865
95
9347
10878
14076
18343
18491
19154
2887
17702
5323
15255
8848
16813
14574
8990
17910
5170
14446
16115
18032
15455
17077
12016
19935
15170
8994
10356
18962
13941
19058
4300
4819
16854
2642
3309
19729
9250
4731
5051
8225
17301
1863
2799
6290
3493
11461
1659
3962
13213
834
1039
5228
769
16209
17943
14846
18891
12896
8786
1668
13605
18523
3558
18251
16529
5366
7022
4754
6387
12606
11274
12678
16100
1479
19363
1071
10021
3083
4051
11684
17929
2942
4580
4610
5496
4040
6853
9055
8396
8824
5583
15846
3870
12173
16548
8272
4452
4406
13472
7536
9198
15786
11658
2939
2589
15710
14624
4238
2372
19204
14674
6982
4699
2434
17557
17475
10830
6380
6779
5947
836
12182
18120
9889
12450
18062
576
9318
13496
19370
976
16435
1958
14779
9918
2778
13982
4591
13481
2402
7025
11037
19877
1575
1138
10376
9887
7085
14934
5790
5204
8543
1960
15316
6258
2619
19754
1988
619
19909
7668
4746
14688
17586
12390
5897
12922
19484
18218
4342
12486
11825
11427
7419
17615
351
19683
3296
19388
10008
9554
2006
13028
3995
13991
16657
15384
2457
15065
12969
7455
2147
5967
15508
5351
8077
13725
9693
4284
5549
4840
15424
6885
5191
15107
13902
4578
8835
3455
10306
18486
203
18022
16197
16860
13405
18654
11925
10094
3100
12680
14502
12788
8187
19854
5632
13267
8870
14902
18108
8014
5507
7019
3120
19409
15319
15676
6584
5624
14161
6787
3645
14078
770
12731
3013
10864
8806
9834
3543
3308
2621
15451
6882
7207
4803
3869
19798
19705
1976
7812
5212
8996
14653
4620
8035
11205
13659
8210
1712
1024
9080
1794
18740
15814
12658
7546
5647
19922
14575
8269
19093
5177
3895
9046
2715
3599
11023
14248
12532
3739
12621
873
11774
6670
15799
9153
14881
17511
10177
889
10312
15692
3349
6125
12070
10895
15494
11991
9190
7483
14367
18699
3413
2297
18157
3704
19424
17390
10374
18943
6542
8975
16453
439
13585
10485
19852
16935
331
11921
11550
15825
7632
740
3307
18715
13707
17413
2240
10543
3430
396
1625
5701
6012
5329
8845
3401
19425
7787
13664
7961
17824
1984
18446
17675
18919
2497
9595
14189
18322
17227
14929
5349
19662
13757
2777
794
15997
17041
16394
18666
13647
6126
7716
2492
9528
10279
3191
19260
18240
4736
1243
3882
2903
12006
18072
4946
12953
16721
12615
10477
513
17130
6474
5075
6588
19941
18723
12714
11377
1214
5962
18517
11493
12875
13454
17611
2740
13860
10343
483
19468
8414
5429
12421
5135
3166
8756
19333
3679
9527
1233
10961
19836
4894
13404
12550
16271
14618
2232
9831
18828
3
6464
864
179
16808
5069
8942
14219
15788
17798
4543
17131
1064
14150
6657
6018
8831
6493
14633
2234
2763
10903
572
4995
13131
10403
3823
17409
3981
3319
1993
7881
126
7062
11249
12789
1281
7036
10587
15301
7717
3450
9450
18095
13189
2001
4587
7821
4235
11071
2444
8528
19788
15575
18931
7331
8709
59
15033
15749
5774
2914
15875
12836
14163
8663
17838
2970
224
219
14408
7395
12503
584
15391
810
12126
3346
15603
14571
15595
15390
10145
18247
2720
2574
18306
18323
4387
17918
636
18550
2194
3469
16993
6139
7409
11401
13535
4520
7624
14119
19911
8434
9965
6978
4036
4535
2572
3146
18402
4539
9587
4696
2845
11061
14366
15448
4657
17719
18680
917
4908
15673
7056
12317
7073
4311
16837
18418
468
10572
11167
18330
371
17460
18773
1999
11063
7190
8565
5844
13930
2930
1291
2307
1653
19010
6291
3917
17068
19956
11174
1379
512
9591
3529
4701
162
15645
19589
18492
16017
17049
19968
2768
14751
5699
15054
594
19629
17984
5606
5657
3357
8337
6644
13369
12254
10745
15930
1918
11816
163
11509
19066
4864
11671
18432
4453
13884
14448
5222
17572
16678
16043
2377
3043
357
5726
4747
11383
11826
14300
1747
5194
12492
19352
9925
14410
14888
10088
9639
13954
18674
5031
12385
3126
18915
10553
12069
206
3779
16249
6822
16606
2775
15290
6289
17879
7115
589
19627
16031
14585
15839
15382
4509
13970
10270
14598
3608
7944
13271
12360
4049
117
14995
14602
15907
15201
1831
19686
18881
11775
1655
5517
16354
2374
2880
12384
16959
2440
11486
1467
16410
5476
19786
3738
13420
16777
16099
17469
614
11093
15791
16521
10015
1343
16206
5184
223
680
5599
2465
8853
12025
4839
11734
4408
5518
14174
15894
10706
10492
1762
2231
7268
17861
19701
12675
19212
8124
6410
554
4330
11594
777
14484
15995
10097
10155
18460
18951
2179
10684
10308
12537
8578
9923
3243
15014
17456
8364
17245
4723
9946
665
16327
6341
19878
4451
12751
431
12502
8065
4930
15027
861
2519
13977
3040
13260
8381
5796
679
6992
12760
11002
2005
10215
19250
18660
13033
14986
3094
3513
3157
19566
7665
19380
7630
16316
10086
15411
14668
1651
12761
1428
4863
18498
4427
9263
5489
17188
265
7494
3352
10465
6061
14101
4768
11646
6485
12720
11026
17836
9036
13247
7820
19500
18619
580
4648
13529
5443
17956
14707
12356
14972
6266
2044
14036
16048
5870
11857
815
12790
16912
2995
13352
7208
830
2387
12040
15260
14509
19908
13665
19952
6774
15342
14658
19131
14205
13350
2701
4191
19115
457
239
8705
4775
5215
957
6297
8165
12762
12406
3925
10559
6333
2905
10696
841
6534
4360
4514
13308
3422
2892
16159
17628
16243
2580
5539
19078
3037
9499
7783
2792
14275
12998
18953
4929
10839
17691
1882
14764
11970
8215
17670
2665
12778
7924
10747
17292
1231
14169
183
1111
15517
146
3691
4777
10450
14276
10728
13242
12271
7446
12701
