156
997
1103
4228
7607
5675
2671
8388
9539
1116
8056
2395
1528
9314
2087
3119
4793
3051
8345
5122
1433
2017
1266
1949
5897
7393
5903
8330
9687
5087
1069
1511
1033
3843
7644
3194
944
272
8086
8641
4651
6203
2450
353
2677
7047
9829
7824
1013
4972
1848
211
457
5525
4662
7179
3083
3533
1327
8449
9236
6481
9240
3299
4170
5435
3094
9259
792
2121
3119
6151
5879
841
9847
7321
5395
2944
4019
7283
2749
5837
5477
6571
477
2377
1464
8091
4050
6484
8100
3654
6195
7523
8729
1009
1639
2699
626
7202
6779
4727
1709
4787
1649
8167
2113
3834
3346
73
9877
7977
8779
6183
7963
2743
643
6599
799
3947
7462
2758
4630
8909
8902
8369
2143
1653
1783
9427
2897
4499
854
1621
9349
3960
9241
880
5749
7387
3747
5407
7877
9239
2816
7774
3875
8311
2447
3677
3923
8441
9404
9470
9859
6455
5439
